# generated by gladevcp.persistence.create_default_ini() on Sun Feb  7 15:44:54 2021
[ini]
	version = 1
	signature = f53c1840e1a84f27dd982048ddb0d8d6a0989840
[vars]
	PROBE_TIME = 4490.92761326
	PIERCE_COUNT = 1100
	TORCH_TIME = 5844.61282897
	CUT_LENGTH = 3670.33290655
	RAPID_TIME = 2615.84843706
	CUT_TIME = 3565.3622
	RUN_TIME = 174300.914958
# last update  by gladevcp.persistence.save_state() on Sun Mar 14 11:27:31 2021 
